0	-0
0.0002	46.9622
0.0004	93.9244
0.0006	140.887
0.0008	187.849
0.001	234.811
0.0012	281.773
0.0014	328.661
0.0016	375.266
0.0018	421.712
0.002	467.839
0.0022	513.485
0.0024	558.553
0.0026	601.858
0.0028	641.499
0.003	671.044
0.0032	679.402
0.0034	684.728
0.0036	689.468
0.0038	693.486
0.004	697.279
0.0042	700.893
0.0044	704.373
0.0046	707.709
0.0048	710.923
0.005	714.025
0.0052	717.009
0.0054	719.893
0.0056	722.674
0.0058	725.394
0.006	728.065
0.0062	730.678
0.0064	733.227
0.0066	735.737
0.0068	738.183
0.007	740.576
0.0072	742.931
0.0074	745.156
0.0076	747.17
0.0078	749.076
0.008	750.823
0.0082	752.637
0.0084	754.26
0.0086	755.831
0.0088	757.388
0.009	758.931
0.0092	760.464
0.0094	761.985
0.0096	763.497
0.0098	764.998
0.01	766.49
0.0102	767.972
0.0104	769.446
0.0106	770.91
0.0108	772.365
0.011	773.811
0.0112	775.25
0.0114	776.681
0.0116	778.104
0.0118	779.52
0.012	780.927
0.0122	782.327
0.0124	783.72
0.0126	785.105
0.0128	786.482
0.013	787.853
0.0132	789.216
0.0134	790.574
0.0136	791.925
0.0138	793.269
0.014	794.608
0.0142	795.94
0.0144	797.266
0.0146	798.586
0.0148	799.899
0.015	801.207
0.0152	802.509
0.0154	803.805
0.0156	805.096
0.0158	806.38
0.016	807.659
0.0162	808.932
0.0164	810.2
0.0166	811.462
0.0168	812.719
0.017	813.97
0.0172	815.216
0.0174	816.456
0.0176	817.691
0.0178	818.921
0.018	820.145
0.0182	821.364
0.0184	822.577
0.0186	823.785
0.0188	824.988
0.019	826.186
0.0192	827.379
0.0194	828.567
0.0196	829.749
0.0198	830.926
0.02	832.098
0.0198	785.136
0.0196	738.174
0.0194	691.212
0.0192	644.249
0.019	597.287
0.0188	550.325
0.0186	503.363
0.0184	456.401
0.0182	409.438
0.018	362.476
0.0178	315.514
0.0176	268.552
0.0174	221.59
0.0172	174.627
0.017	127.665
0.0168	80.703
0.0166	33.7408
0.0164	-13.2214
0.0162	-60.1836
0.016	-107.146
0.0158	-154.108
0.0156	-200.796
0.0154	-247.427
0.0152	-293.996
0.015	-340.487
0.0148	-386.963
0.0146	-433.39
0.0144	-479.507
0.0142	-525.523
0.014	-571.369
0.0138	-616.76
0.0136	-661.913
0.0134	-706.573
0.0132	-750.058
0.013	-789.327
0.0128	-808.105
0.0126	-817.968
0.0124	-824.041
0.0122	-827.921
0.012	-830.813
0.0118	-833.179
0.0116	-835.388
0.0114	-837.44
0.0112	-839.022
0.011	-840.481
0.0108	-841.842
0.0106	-843.186
0.0104	-844.494
0.0102	-845.771
0.01	-847.03
0.0098	-848.209
0.0096	-849.378
0.0094	-850.539
0.0092	-851.691
0.009	-852.835
0.0088	-853.971
0.0086	-855.095
0.0084	-856.21
0.0082	-857.318
0.008	-858.421
0.0078	-859.511
0.0076	-860.587
0.0074	-861.658
0.0072	-862.722
0.007	-863.781
0.0068	-864.834
0.0066	-865.882
0.0064	-866.923
0.0062	-867.957
0.006	-868.986
0.0058	-870.01
0.0056	-871.029
0.0054	-872.044
0.0052	-873.054
0.005	-874.059
0.0048	-875.059
0.0046	-876.055
0.0044	-877.045
0.0042	-878.027
0.004	-879.004
0.0038	-879.976
0.0036	-880.944
0.0034	-881.908
0.0032	-882.868
0.003	-883.823
0.0028	-884.775
0.0026	-885.722
0.0024	-886.664
0.0022	-887.603
0.002	-888.538
0.0018	-889.468
0.0016	-890.395
0.0014	-891.317
0.0012	-892.236
0.001	-893.15
0.0008	-894.06
0.0006	-894.966
0.0004	-895.868
0.0002	-896.766
0	-897.66
-0.0002	-898.55
-0.0004	-899.437
-0.0006	-900.319
-0.0008	-901.197
-0.001	-902.072
-0.0012	-902.943
-0.0014	-903.81
-0.0016	-904.674
-0.0018	-905.533
-0.002	-906.389
-0.0022	-907.241
-0.0024	-908.089
-0.0026	-908.934
-0.0028	-909.775
-0.003	-910.612
-0.0032	-911.445
-0.0034	-912.275
-0.0036	-913.102
-0.0038	-913.924
-0.004	-914.742
-0.0042	-915.558
-0.0044	-916.369
-0.0046	-917.177
-0.0048	-917.982
-0.005	-918.783
-0.0052	-919.58
-0.0054	-920.374
-0.0056	-921.165
-0.0058	-921.952
-0.006	-922.736
-0.0062	-923.516
-0.0064	-924.293
-0.0066	-925.067
-0.0068	-925.837
-0.007	-926.604
-0.0072	-927.367
-0.0074	-928.127
-0.0076	-928.884
-0.0078	-929.638
-0.008	-930.387
-0.0082	-931.134
-0.0084	-931.877
-0.0086	-932.617
-0.0088	-933.354
-0.009	-934.087
-0.0092	-934.818
-0.0094	-935.545
-0.0096	-936.269
-0.0098	-936.989
-0.01	-937.707
-0.0102	-938.422
-0.0104	-939.133
-0.0106	-939.841
-0.0108	-940.546
-0.011	-941.248
-0.0112	-941.947
-0.0114	-942.643
-0.0116	-943.335
-0.0118	-944.025
-0.012	-944.712
-0.0122	-945.395
-0.0124	-946.076
-0.0126	-946.753
-0.0128	-947.428
-0.013	-948.1
-0.0132	-948.768
-0.0134	-949.434
-0.0136	-950.096
-0.0138	-950.756
-0.014	-951.413
-0.0142	-952.067
-0.0144	-952.718
-0.0146	-953.366
-0.0148	-954.011
-0.015	-954.654
-0.0152	-955.293
-0.0154	-955.93
-0.0156	-956.564
-0.0158	-957.195
-0.016	-957.823
-0.0162	-958.448
-0.0164	-959.07
-0.0166	-959.69
-0.0168	-960.307
-0.017	-960.922
-0.0172	-961.533
-0.0174	-962.142
-0.0176	-962.748
-0.0178	-963.351
-0.018	-963.951
-0.0182	-964.549
-0.0184	-965.144
-0.0186	-965.737
-0.0188	-966.326
-0.019	-966.914
-0.0192	-967.498
-0.0194	-968.08
-0.0196	-968.659
-0.0198	-969.236
-0.02	-969.81
-0.0198	-922.847
-0.0196	-875.885
-0.0194	-828.923
-0.0192	-781.961
-0.019	-734.998
-0.0188	-688.036
-0.0186	-641.074
-0.0184	-594.112
-0.0182	-547.15
-0.018	-500.188
-0.0178	-453.225
-0.0176	-406.263
-0.0174	-359.301
-0.0172	-312.339
-0.017	-265.376
-0.0168	-218.414
-0.0166	-171.452
-0.0164	-124.49
-0.0162	-77.5276
-0.016	-30.5654
-0.0158	16.3968
-0.0156	63.1598
-0.0154	109.806
-0.0152	156.426
-0.015	203.011
-0.0148	249.5
-0.0146	295.974
-0.0144	342.439
-0.0142	388.605
-0.014	434.702
-0.0138	480.786
-0.0136	526.693
-0.0134	572.232
-0.0132	617.611
-0.013	662.815
-0.0128	707.894
-0.0126	752.412
-0.0124	796.269
-0.0122	839.156
-0.012	880.459
-0.0118	918.701
-0.0116	939.146
-0.0114	949.208
-0.0112	955.005
-0.011	958.489
-0.0108	961.13
-0.0106	962.927
-0.0104	964.527
-0.0102	966.033
-0.01	967.45
-0.0098	968.786
-0.0096	970.057
-0.0094	971.251
-0.0092	972.38
-0.009	973.468
-0.0088	974.509
-0.0086	975.509
-0.0084	976.471
-0.0082	977.245
-0.008	977.905
-0.0078	978.558
-0.0076	979.201
-0.0074	979.807
-0.0072	980.392
-0.007	980.971
-0.0068	981.546
-0.0066	982.114
-0.0064	982.674
-0.0062	983.23
-0.006	983.781
-0.0058	984.328
-0.0056	984.872
-0.0054	985.406
-0.0052	985.933
-0.005	986.456
-0.0048	986.974
-0.0046	987.488
-0.0044	987.999
-0.0042	988.506
-0.004	989.01
-0.0038	989.511
-0.0036	990.009
-0.0034	990.504
-0.0032	990.996
-0.003	991.485
-0.0028	991.97
-0.0026	992.45
-0.0024	992.928
-0.0022	993.404
-0.002	993.876
-0.0018	994.346
-0.0016	994.813
-0.0014	995.278
-0.0012	995.74
-0.001	996.2
-0.0008	996.656
-0.0006	997.111
-0.0004	997.563
-0.0002	998.012
-8.25989E-016	998.459
0.0002	998.904
0.0004	999.346
0.0006	999.786
0.0008	1000.22
0.001	1000.66
0.0012	1001.09
0.0014	1001.52
0.0016	1001.95
0.0018	1002.38
0.002	1002.8
0.0022	1003.22
0.0024	1003.64
0.0026	1004.06
0.0028	1004.48
0.003	1004.89
0.0032	1005.3
0.0034	1005.71
0.0036	1006.12
0.0038	1006.53
0.004	1006.93
0.0042	1007.33
0.0044	1007.73
0.0046	1008.13
0.0048	1008.52
0.005	1008.92
0.0052	1009.31
0.0054	1009.7
0.0056	1010.09
0.0058	1010.47
0.006	1010.86
0.0062	1011.24
0.0064	1011.62
0.0066	1011.99
0.0068	1012.37
0.007	1012.74
0.0072	1013.12
0.0074	1013.49
0.0076	1013.86
0.0078	1014.22
0.008	1014.59
0.0082	1014.95
0.0084	1015.31
0.0086	1015.67
0.0088	1016.03
0.009	1016.38
0.0092	1016.74
0.0094	1017.09
0.0096	1017.44
0.0098	1017.79
0.01	1018.14
0.0102	1018.48
0.0104	1018.82
0.0106	1019.17
0.0108	1019.51
0.011	1019.85
0.0112	1020.18
0.0114	1020.52
0.0116	1020.85
0.0118	1021.18
0.012	1021.51
0.0122	1021.84
0.0124	1022.17
0.0126	1022.49
0.0128	1022.82
0.013	1023.14
0.0132	1023.46
0.0134	1023.78
0.0136	1024.1
0.0138	1024.41
0.014	1024.73
0.0142	1025.04
0.0144	1025.35
0.0146	1025.66
0.0148	1025.97
0.015	1026.28
0.0152	1026.58
0.0154	1026.89
0.0156	1027.19
0.0158	1027.49
0.016	1027.79
0.0162	1028.08
0.0164	1028.38
0.0166	1028.68
0.0168	1028.97
0.017	1029.26
0.0172	1029.55
0.0174	1029.84
0.0176	1030.13
0.0178	1030.41
0.018	1030.7
0.0182	1030.98
0.0184	1031.26
0.0186	1031.54
0.0188	1031.82
0.019	1032.1
0.0192	1032.38
0.0194	1032.65
0.0196	1032.92
0.0198	1033.2
0.02	1033.47
0.0198	986.504
0.0196	939.542
0.0194	892.58
0.0192	845.618
0.019	798.656
0.0188	751.693
0.0186	704.731
0.0184	657.769
0.0182	610.807
0.018	563.845
0.0178	516.882
0.0176	469.92
0.0174	422.958
0.0172	375.996
0.017	329.034
0.0168	282.071
0.0166	235.109
0.0164	188.147
0.0162	141.185
0.016	94.2225
0.0158	47.2603
0.0156	0.496698
0.0154	-46.1488
0.0152	-92.7696
0.015	-139.363
0.0148	-185.848
0.0146	-232.32
0.0144	-278.784
0.0142	-324.961
0.014	-371.059
0.0138	-417.142
0.0136	-463.079
0.0134	-508.67
0.0132	-554.067
0.013	-599.353
0.0128	-644.537
0.0126	-689.362
0.0124	-733.68
0.0122	-777.533
0.012	-820.608
0.0118	-862.437
0.0116	-902.822
0.0114	-941.44
0.0112	-975.781
0.011	-993.687
0.0108	-1003.6
0.0106	-1010.11
0.0104	-1013.91
0.0102	-1016.73
0.01	-1018.88
0.0098	-1020.5
0.0096	-1021.91
0.0094	-1023.19
0.0092	-1024.38
0.009	-1025.49
0.0088	-1026.54
0.0086	-1027.53
0.0084	-1028.46
0.0082	-1029.33
0.008	-1030.15
0.0078	-1030.93
0.0076	-1031.66
0.0074	-1032.36
0.0072	-1033.02
0.007	-1033.65
0.0068	-1034.26
0.0066	-1034.84
0.0064	-1035.4
0.0062	-1035.93
0.006	-1036.45
0.0058	-1036.95
0.0056	-1037.44
0.0054	-1037.91
0.0052	-1038.36
0.005	-1038.8
0.0048	-1039.22
0.0046	-1039.62
0.0044	-1039.99
0.0042	-1040.34
0.004	-1040.66
0.0038	-1040.95
0.0036	-1041.24
0.0034	-1041.52
0.0032	-1041.79
0.003	-1042.06
0.0028	-1042.27
0.0026	-1042.57
0.0024	-1042.82
0.0022	-1043.06
0.002	-1043.3
0.0018	-1043.54
0.0016	-1043.77
0.0014	-1044.01
0.0012	-1044.24
0.001	-1044.47
0.0008	-1044.69
0.0006	-1044.92
0.0004	-1045.15
0.0002	-1045.37
1.66976E-015	-1045.59
-0.0002	-1045.81
-0.0004	-1046.03
-0.0006	-1046.24
-0.0008	-1046.46
-0.001	-1046.67
-0.0012	-1046.88
-0.0014	-1047.09
-0.0016	-1047.3
-0.0018	-1047.51
-0.002	-1047.71
-0.0022	-1047.92
-0.0024	-1048.12
-0.0026	-1048.32
-0.0028	-1048.52
-0.003	-1048.72
-0.0032	-1048.92
-0.0034	-1049.11
-0.0036	-1049.31
-0.0038	-1049.5
-0.004	-1049.7
-0.0042	-1049.89
-0.0044	-1050.08
-0.0046	-1050.27
-0.0048	-1050.46
-0.005	-1050.64
-0.0052	-1050.83
-0.0054	-1051.01
-0.0056	-1051.2
-0.0058	-1051.38
-0.006	-1051.56
-0.0062	-1051.74
-0.0064	-1051.92
-0.0066	-1052.1
-0.0068	-1052.28
-0.007	-1052.46
-0.0072	-1052.63
-0.0074	-1052.81
-0.0076	-1052.98
-0.0078	-1053.15
-0.008	-1053.32
-0.0082	-1053.49
-0.0084	-1053.66
-0.0086	-1053.83
-0.0088	-1054
-0.009	-1054.17
-0.0092	-1054.34
-0.0094	-1054.5
-0.0096	-1054.67
-0.0098	-1054.83
-0.01	-1054.99
-0.0102	-1055.15
-0.0104	-1055.31
-0.0106	-1055.48
-0.0108	-1055.63
-0.011	-1055.79
-0.0112	-1055.95
-0.0114	-1056.11
-0.0116	-1056.26
-0.0118	-1056.42
-0.012	-1056.57
-0.0122	-1056.73
-0.0124	-1056.88
-0.0126	-1057.03
-0.0128	-1057.18
-0.013	-1057.33
-0.0132	-1057.48
-0.0134	-1057.63
-0.0136	-1057.78
-0.0138	-1057.92
-0.014	-1058.07
-0.0142	-1058.21
-0.0144	-1058.36
-0.0146	-1058.5
-0.0148	-1058.65
-0.015	-1058.79
-0.0152	-1058.93
-0.0154	-1059.07
-0.0156	-1059.21
-0.0158	-1059.35
-0.016	-1059.49
-0.0162	-1059.62
-0.0164	-1059.76
-0.0166	-1059.9
-0.0168	-1060.03
-0.017	-1060.17
-0.0172	-1060.3
-0.0174	-1060.44
-0.0176	-1060.57
-0.0178	-1060.7
-0.018	-1060.83
-0.0182	-1060.96
-0.0184	-1061.09
-0.0186	-1061.22
-0.0188	-1061.35
-0.019	-1061.48
-0.0192	-1061.6
-0.0194	-1061.73
-0.0196	-1061.86
-0.0198	-1061.98
-0.02	-1062.1
-0.0198	-1015.14
-0.0196	-968.18
-0.0194	-921.218
-0.0192	-874.256
-0.019	-827.294
-0.0188	-780.332
-0.0186	-733.369
-0.0184	-686.407
-0.0182	-639.445
-0.018	-592.483
-0.0178	-545.521
-0.0176	-498.558
-0.0174	-451.596
-0.0172	-404.634
-0.017	-357.672
-0.0168	-310.71
-0.0166	-263.747
-0.0164	-216.785
-0.0162	-169.823
-0.016	-122.861
-0.0158	-75.8986
-0.0156	-29.1327
-0.0154	17.5122
-0.0152	64.1322
-0.015	110.726
-0.0148	157.213
-0.0146	203.683
-0.0144	250.145
-0.0142	296.324
-0.014	342.421
-0.0138	388.502
-0.0136	434.437
-0.0134	480.031
-0.0132	525.426
-0.013	570.709
-0.0128	615.904
-0.0126	660.751
-0.0124	705.08
-0.0122	748.995
-0.012	792.159
-0.0118	834.208
-0.0116	875.05
-0.0114	914.233
-0.0112	951.697
-0.011	985.522
-0.0108	1008.76
-0.0106	1020.66
-0.0104	1028.8
-0.0102	1033.82
-0.01	1037.41
-0.0098	1040.19
-0.0096	1042.26
-0.0094	1044.02
-0.0092	1045.45
-0.009	1046.76
-0.0088	1047.98
-0.0086	1049.08
-0.0084	1050.1
-0.0082	1051.04
-0.008	1051.91
-0.0078	1052.73
-0.0076	1053.5
-0.0074	1054.22
-0.0072	1054.9
-0.007	1055.55
-0.0068	1056.16
-0.0066	1056.73
-0.0064	1057.28
-0.0062	1057.8
-0.006	1058.28
-0.0058	1058.74
-0.0056	1059.17
-0.0054	1059.59
-0.0052	1059.98
-0.005	1060.36
-0.0048	1060.72
-0.0046	1061.07
-0.0044	1061.41
-0.0042	1061.74
-0.004	1062.05
-0.0038	1062.35
-0.0036	1062.63
-0.0034	1062.91
-0.0032	1063.18
-0.003	1063.44
-0.0028	1063.69
-0.0026	1063.94
-0.0024	1064.18
-0.0022	1064.41
-0.002	1064.63
-0.0018	1064.85
-0.0016	1065.07
-0.0014	1065.27
-0.0012	1065.47
-0.001	1065.66
-0.0008	1065.85
-0.0006	1066.03
-0.0004	1066.21
-0.0002	1066.39
-2.52242E-015	1066.55
0.0002	1066.7
0.0004	1066.84
0.0006	1066.97
0.0008	1067.11
0.001	1067.24
0.0012	1067.36
0.0014	1067.49
0.0016	1067.61
0.0018	1067.73
0.002	1067.84
0.0022	1067.96
0.0024	1068.07
0.0026	1068.18
0.0028	1068.28
0.003	1068.39
0.0032	1068.49
0.0034	1068.6
0.0036	1068.7
0.0038	1068.8
0.004	1068.91
0.0042	1069.01
0.0044	1069.11
0.0046	1069.2
0.0048	1069.3
0.005	1069.4
0.0052	1069.49
0.0054	1069.58
0.0056	1069.68
0.0058	1069.77
0.006	1069.86
0.0062	1069.95
0.0064	1070.03
0.0066	1070.12
0.0068	1070.2
0.007	1070.29
0.0072	1070.37
0.0074	1070.46
0.0076	1070.54
0.0078	1070.63
0.008	1070.71
0.0082	1070.79
0.0084	1070.87
0.0086	1070.95
0.0088	1071.03
0.009	1071.11
0.0092	1071.19
0.0094	1071.27
0.0096	1071.35
0.0098	1071.43
0.01	1071.51
0.0102	1071.58
0.0104	1071.66
0.0106	1071.74
0.0108	1071.81
0.011	1071.89
0.0112	1071.96
0.0114	1072.04
0.0116	1072.11
0.0118	1072.19
0.012	1072.26
0.0122	1072.33
0.0124	1072.4
0.0126	1072.48
0.0128	1072.55
0.013	1072.62
0.0132	1072.69
0.0134	1072.76
0.0136	1072.83
0.0138	1072.9
0.014	1072.97
0.0142	1073.04
0.0144	1073.1
0.0146	1073.17
0.0148	1073.24
0.015	1073.31
0.0152	1073.37
0.0154	1073.44
0.0156	1073.51
0.0158	1073.57
0.016	1073.64
0.0162	1073.7
0.0164	1073.77
0.0166	1073.83
0.0168	1073.9
0.017	1073.96
0.0172	1074.02
0.0174	1074.09
0.0176	1074.15
0.0178	1074.21
0.018	1074.27
0.0182	1074.33
0.0184	1074.4
0.0186	1074.46
0.0188	1074.52
0.019	1074.58
0.0192	1074.64
0.0194	1074.7
0.0196	1074.76
0.0198	1074.82
0.02	1074.87
0.0198	1027.91
0.0196	980.949
0.0194	933.987
0.0192	887.025
0.019	840.063
0.0188	793.1
0.0186	746.138
0.0184	699.176
0.0182	652.214
0.018	605.252
0.0178	558.289
0.0176	511.327
0.0174	464.365
0.0172	417.403
0.017	370.441
0.0168	323.478
0.0166	276.516
0.0164	229.554
0.0162	182.592
0.016	135.63
0.0158	88.6674
0.0156	41.9003
0.0154	-4.74421
0.0152	-51.3638
0.015	-97.9569
0.0148	-144.444
0.0146	-190.913
0.0144	-237.375
0.0142	-283.555
0.014	-329.651
0.0138	-375.732
0.0136	-421.664
0.0134	-467.262
0.0132	-512.656
0.013	-557.936
0.0128	-603.131
0.0126	-647.981
0.0124	-692.297
0.0122	-736.217
0.012	-779.363
0.0118	-821.271
0.0116	-862.043
0.0114	-901.336
0.0112	-939.106
0.011	-973.51
0.0108	-1004.32
0.0106	-1021.36
0.0104	-1031.41
0.0102	-1038.33
0.01	-1042.72
0.0098	-1046.11
0.0096	-1048.97
0.0094	-1051.05
0.0092	-1052.9
0.009	-1054.55
0.0088	-1055.99
0.0086	-1057.28
0.0084	-1058.47
0.0082	-1059.54
0.008	-1060.5
0.0078	-1061.41
0.0076	-1062.25
0.0074	-1063.04
0.0072	-1063.78
0.007	-1064.47
0.0068	-1065.11
0.0066	-1065.7
0.0064	-1066.27
0.0062	-1066.8
0.006	-1067.31
0.0058	-1067.79
0.0056	-1068.24
0.0054	-1068.67
0.0052	-1069.08
0.005	-1069.47
0.0048	-1069.82
0.0046	-1070.17
0.0044	-1070.49
0.0042	-1070.8
0.004	-1071.1
0.0038	-1071.38
0.0036	-1071.65
0.0034	-1071.91
0.0032	-1072.16
0.003	-1072.4
0.0028	-1072.63
0.0026	-1072.86
0.0024	-1073.07
0.0022	-1073.27
0.002	-1073.47
0.0018	-1073.66
0.0016	-1073.85
0.0014	-1074.03
0.0012	-1074.2
0.001	-1074.37
0.0008	-1074.53
0.0006	-1074.68
0.0004	-1074.83
0.0002	-1074.97
3.37508E-015	-1075.12
-0.0002	-1075.25
-0.0004	-1075.39
-0.0006	-1075.52
-0.0008	-1075.64
-0.001	-1075.77
-0.0012	-1075.89
-0.0014	-1076.01
-0.0016	-1076.12
-0.0018	-1076.23
-0.002	-1076.34
-0.0022	-1076.45
-0.0024	-1076.55
-0.0026	-1076.66
-0.0028	-1076.75
-0.003	-1076.85
-0.0032	-1076.94
-0.0034	-1077.03
-0.0036	-1077.12
-0.0038	-1077.21
-0.004	-1077.29
-0.0042	-1077.37
-0.0044	-1077.46
-0.0046	-1077.53
-0.0048	-1077.61
-0.005	-1077.68
-0.0052	-1077.74
-0.0054	-1077.8
-0.0056	-1077.86
-0.0058	-1077.92
-0.006	-1077.98
-0.0062	-1078.04
-0.0064	-1078.1
-0.0066	-1078.16
-0.0068	-1078.21
-0.007	-1078.27
-0.0072	-1078.32
-0.0074	-1078.37
-0.0076	-1078.42
-0.0078	-1078.47
-0.008	-1078.52
-0.0082	-1078.56
-0.0084	-1078.61
-0.0086	-1078.66
-0.0088	-1078.7
-0.009	-1078.75
-0.0092	-1078.79
-0.0094	-1078.84
-0.0096	-1078.88
-0.0098	-1078.93
-0.01	-1078.97
-0.0102	-1079.01
-0.0104	-1079.05
-0.0106	-1079.1
-0.0108	-1079.14
-0.011	-1079.18
-0.0112	-1079.22
-0.0114	-1079.26
-0.0116	-1079.3
-0.0118	-1079.34
-0.012	-1079.38
-0.0122	-1079.42
-0.0124	-1079.46
-0.0126	-1079.5
-0.0128	-1079.53
-0.013	-1079.57
-0.0132	-1079.61
-0.0134	-1079.65
-0.0136	-1079.68
-0.0138	-1079.72
-0.014	-1079.75
-0.0142	-1079.79
-0.0144	-1079.82
-0.0146	-1079.86
-0.0148	-1079.89
-0.015	-1079.93
-0.0152	-1079.96
-0.0154	-1079.99
-0.0156	-1080.03
-0.0158	-1080.06
-0.016	-1080.09
-0.0162	-1080.13
-0.0164	-1080.16
-0.0166	-1080.19
-0.0168	-1080.22
-0.017	-1080.26
-0.0172	-1080.29
-0.0174	-1080.32
-0.0176	-1080.35
-0.0178	-1080.38
-0.018	-1080.41
-0.0182	-1080.44
-0.0184	-1080.48
-0.0186	-1080.51
-0.0188	-1080.54
-0.019	-1080.57
-0.0192	-1080.6
-0.0194	-1080.63
-0.0196	-1080.66
-0.0198	-1080.69
-0.02	-1080.72
-0.0198	-1033.75
-0.0196	-986.792
-0.0194	-939.829
-0.0192	-892.867
-0.019	-845.905
-0.0188	-798.943
-0.0186	-751.981
-0.0184	-705.018
-0.0182	-658.056
-0.018	-611.094
-0.0178	-564.132
-0.0176	-517.169
-0.0174	-470.207
-0.0172	-423.245
-0.017	-376.283
-0.0168	-329.321
-0.0166	-282.358
-0.0164	-235.396
-0.0162	-188.434
-0.016	-141.472
-0.0158	-94.5095
-0.0156	-47.7416
-0.0154	-1.0974
-0.0152	45.5219
-0.015	92.1147
-0.0148	138.602
-0.0146	185.071
-0.0144	231.532
-0.0142	277.713
-0.014	323.809
-0.0138	369.889
-0.0136	415.819
-0.0134	461.42
-0.0132	506.813
-0.013	552.092
-0.0128	597.284
-0.0126	642.137
-0.0124	686.447
-0.0122	730.368
-0.012	773.322
-0.0118	815.108
-0.0116	855.904
-0.0114	895.237
-0.0112	933.005
-0.011	967.453
-0.0108	998.878
-0.0106	1020.03
-0.0104	1031.47
-0.0102	1039
-0.01	1043.84
-0.0098	1047.44
-0.0096	1050.59
-0.0094	1052.99
-0.0092	1055.05
-0.009	1056.86
-0.0088	1058.51
-0.0086	1059.99
-0.0084	1061.33
-0.0082	1062.54
-0.008	1063.66
-0.0078	1064.67
-0.0076	1065.58
-0.0074	1066.42
-0.0072	1067.21
-0.007	1067.95
-0.0068	1068.65
-0.0066	1069.3
-0.0064	1069.91
-0.0062	1070.48
-0.006	1071.01
-0.0058	1071.51
-0.0056	1071.99
-0.0054	1072.43
-0.0052	1072.85
-0.005	1073.25
-0.0048	1073.63
-0.0046	1073.99
-0.0044	1074.33
-0.0042	1074.65
-0.004	1074.95
-0.0038	1075.24
-0.0036	1075.51
-0.0034	1075.77
-0.0032	1076.02
-0.003	1076.26
-0.0028	1076.49
-0.0026	1076.71
-0.0024	1076.92
-0.0022	1077.12
-0.002	1077.32
-0.0018	1077.5
-0.0016	1077.68
-0.0014	1077.85
-0.0012	1078.02
-0.001	1078.17
-0.0008	1078.33
-0.0006	1078.48
-0.0004	1078.62
-0.0002	1078.76
-4.22774E-015	1078.89
0.0002	1079.02
0.0004	1079.14
0.0006	1079.26
0.0008	1079.38
0.001	1079.49
0.0012	1079.6
0.0014	1079.71
0.0016	1079.81
0.0018	1079.91
0.002	1080.01
0.0022	1080.1
0.0024	1080.19
0.0026	1080.28
0.0028	1080.36
0.003	1080.44
0.0032	1080.53
0.0034	1080.6
0.0036	1080.68
0.0038	1080.76
0.004	1080.83
0.0042	1080.9
0.0044	1080.98
0.0046	1081.05
0.0048	1081.11
0.005	1081.18
0.0052	1081.24
0.0054	1081.31
0.0056	1081.37
0.0058	1081.43
0.006	1081.49
0.0062	1081.55
0.0064	1081.6
0.0066	1081.65
0.0068	1081.71
0.007	1081.76
0.0072	1081.81
0.0074	1081.86
0.0076	1081.91
0.0078	1081.96
0.008	1082
0.0082	1082.05
0.0084	1082.09
0.0086	1082.14
0.0088	1082.18
0.009	1082.22
0.0092	1082.26
0.0094	1082.3
0.0096	1082.34
0.0098	1082.37
0.01	1082.41
0.0102	1082.44
0.0104	1082.47
0.0106	1082.5
0.0108	1082.53
0.011	1082.56
0.0112	1082.59
0.0114	1082.62
0.0116	1082.65
0.0118	1082.68
0.012	1082.7
0.0122	1082.73
0.0124	1082.75
0.0126	1082.78
0.0128	1082.8
0.013	1082.83
0.0132	1082.85
0.0134	1082.87
0.0136	1082.9
0.0138	1082.92
0.014	1082.94
0.0142	1082.97
0.0144	1082.99
0.0146	1083.01
0.0148	1083.03
0.015	1083.06
0.0152	1083.08
0.0154	1083.1
0.0156	1083.12
0.0158	1083.14
0.016	1083.16
0.0162	1083.18
0.0164	1083.2
0.0166	1083.22
0.0168	1083.24
0.017	1083.26
0.0172	1083.28
0.0174	1083.3
0.0176	1083.32
0.0178	1083.34
0.018	1083.35
0.0182	1083.37
0.0184	1083.39
0.0186	1083.41
0.0188	1083.43
0.019	1083.44
0.0192	1083.46
0.0194	1083.48
0.0196	1083.5
0.0198	1083.51
0.02	1083.53
0.0198	1036.57
0.0196	989.606
0.0194	942.643
0.0192	895.681
0.019	848.719
0.0188	801.757
0.0186	754.795
0.0184	707.833
0.0182	660.87
0.018	613.908
0.0178	566.946
0.0176	519.984
0.0174	473.021
0.0172	426.059
0.017	379.097
0.0168	332.135
0.0166	285.173
0.0164	238.21
0.0162	191.248
0.016	144.286
0.0158	97.3238
0.0156	50.5556
0.0154	3.91156
0.0152	-42.7076
0.015	-89.3003
0.0148	-135.788
0.0146	-182.256
0.0144	-228.717
0.0142	-274.898
0.014	-320.994
0.0138	-367.075
0.0136	-413.003
0.0134	-458.606
0.0132	-503.999
0.013	-549.277
0.0128	-594.466
0.0126	-639.321
0.0124	-683.629
0.0122	-727.37
0.012	-770.262
0.0118	-812.059
0.0116	-852.914
0.0114	-892.052
0.0112	-929.872
0.011	-964.308
0.0108	-995.847
0.0106	-1018.69
0.0104	-1031.02
0.0102	-1038.63
0.01	-1043.6
0.0098	-1047.31
0.0096	-1050.72
0.0094	-1053.25
0.0092	-1055.41
0.009	-1057.33
0.0088	-1059.07
0.0086	-1060.67
0.0084	-1062.12
0.0082	-1063.43
0.008	-1064.63
0.0078	-1065.74
0.0076	-1066.73
0.0074	-1067.64
0.0072	-1068.48
0.007	-1069.27
0.0068	-1070
0.0066	-1070.68
0.0064	-1071.32
0.0062	-1071.92
0.006	-1072.49
0.0058	-1073.03
0.0056	-1073.53
0.0054	-1074
0.0052	-1074.44
0.005	-1074.86
0.0048	-1075.25
0.0046	-1075.62
0.0044	-1075.98
0.0042	-1076.31
0.004	-1076.63
0.0038	-1076.92
0.0036	-1077.21
0.0034	-1077.47
0.0032	-1077.73
0.003	-1077.98
0.0028	-1078.21
0.0026	-1078.43
0.0024	-1078.64
0.0022	-1078.85
0.002	-1079.04
0.0018	-1079.23
0.0016	-1079.41
0.0014	-1079.58
0.0012	-1079.75
0.001	-1079.91
0.0008	-1080.06
0.0006	-1080.21
0.0004	-1080.35
0.0002	-1080.49
5.0804E-015	-1080.62
-0.0002	-1080.75
-0.0004	-1080.87
-0.0006	-1080.99
-0.0008	-1081.1
-0.001	-1081.21
-0.0012	-1081.32
-0.0014	-1081.42
-0.0016	-1081.52
-0.0018	-1081.62
-0.002	-1081.72
-0.0022	-1081.81
-0.0024	-1081.89
-0.0026	-1081.98
-0.0028	-1082.06
-0.003	-1082.14
-0.0032	-1082.22
-0.0034	-1082.29
-0.0036	-1082.37
-0.0038	-1082.44
-0.004	-1082.51
-0.0042	-1082.58
-0.0044	-1082.64
-0.0046	-1082.71
-0.0048	-1082.77
-0.005	-1082.83
-0.0052	-1082.89
-0.0054	-1082.94
-0.0056	-1083
-0.0058	-1083.05
-0.006	-1083.11
-0.0062	-1083.16
-0.0064	-1083.21
-0.0066	-1083.26
-0.0068	-1083.31
-0.007	-1083.36
-0.0072	-1083.41
-0.0074	-1083.45
-0.0076	-1083.5
-0.0078	-1083.54
-0.008	-1083.58
-0.0082	-1083.63
-0.0084	-1083.67
-0.0086	-1083.71
-0.0088	-1083.75
-0.009	-1083.79
-0.0092	-1083.82
-0.0094	-1083.86
-0.0096	-1083.9
-0.0098	-1083.93
-0.01	-1083.97
-0.0102	-1084
-0.0104	-1084.03
-0.0106	-1084.07
-0.0108	-1084.1
-0.011	-1084.13
-0.0112	-1084.16
-0.0114	-1084.19
-0.0116	-1084.22
-0.0118	-1084.25
-0.012	-1084.28
-0.0122	-1084.3
-0.0124	-1084.33
-0.0126	-1084.36
-0.0128	-1084.38
-0.013	-1084.41
-0.0132	-1084.43
-0.0134	-1084.46
-0.0136	-1084.48
-0.0138	-1084.5
-0.014	-1084.52
-0.0142	-1084.54
-0.0144	-1084.56
-0.0146	-1084.58
-0.0148	-1084.6
-0.015	-1084.62
-0.0152	-1084.63
-0.0154	-1084.65
-0.0156	-1084.67
-0.0158	-1084.68
-0.016	-1084.7
-0.0162	-1084.72
-0.0164	-1084.73
-0.0166	-1084.75
-0.0168	-1084.76
-0.017	-1084.77
-0.0172	-1084.79
-0.0174	-1084.8
-0.0176	-1084.82
-0.0178	-1084.83
-0.018	-1084.84
-0.0182	-1084.86
-0.0184	-1084.87
-0.0186	-1084.88
-0.0188	-1084.9
-0.019	-1084.91
-0.0192	-1084.92
-0.0194	-1084.93
-0.0196	-1084.95
-0.0198	-1084.96
-0.02	-1084.97
-0.0198	-1038.01
-0.0196	-991.046
-0.0194	-944.084
-0.0192	-897.122
-0.019	-850.159
-0.0188	-803.197
-0.0186	-756.235
-0.0184	-709.273
-0.0182	-662.31
-0.018	-615.348
-0.0178	-568.386
-0.0176	-521.424
-0.0174	-474.462
-0.0172	-427.499
-0.017	-380.537
-0.0168	-333.575
-0.0166	-286.613
-0.0164	-239.651
-0.0162	-192.688
-0.016	-145.726
-0.0158	-98.764
-0.0156	-51.9957
-0.0154	-5.35171
-0.0152	41.2674
-0.015	87.8599
-0.0148	134.347
-0.0146	180.815
-0.0144	227.276
-0.0142	273.458
-0.014	319.554
-0.0138	365.634
-0.0136	411.562
-0.0134	457.166
-0.0132	502.559
-0.013	547.836
-0.0128	593.022
-0.0126	637.879
-0.0124	682.083
-0.0122	725.743
-0.012	768.625
-0.0118	810.448
-0.0116	851.3
-0.0114	890.359
-0.0112	928.227
-0.011	962.683
-0.0108	994.103
-0.0106	1017.52
-0.0104	1030.61
-0.0102	1038.18
-0.01	1043.15
-0.0098	1047.1
-0.0096	1050.5
-0.0094	1053.07
-0.0092	1055.3
-0.009	1057.29
-0.0088	1059.09
-0.0086	1060.75
-0.0084	1062.25
-0.0082	1063.62
-0.008	1064.87
-0.0078	1066.03
-0.0076	1067.1
-0.0074	1068.05
-0.0072	1068.93
-0.007	1069.75
-0.0068	1070.52
-0.0066	1071.23
-0.0064	1071.9
-0.0062	1072.53
-0.006	1073.11
-0.0058	1073.66
-0.0056	1074.18
-0.0054	1074.68
-0.0052	1075.14
-0.005	1075.58
-0.0048	1075.99
-0.0046	1076.37
-0.0044	1076.73
-0.0042	1077.08
-0.004	1077.41
-0.0038	1077.72
-0.0036	1078
-0.0034	1078.28
-0.0032	1078.54
-0.003	1078.79
-0.0028	1079.03
-0.0026	1079.26
-0.0024	1079.48
-0.0022	1079.69
-0.002	1079.89
-0.0018	1080.08
-0.0016	1080.26
-0.0014	1080.43
-0.0012	1080.6
-0.001	1080.76
-0.0008	1080.92
-0.0006	1081.07
-0.0004	1081.21
-0.0002	1081.35
-5.93301E-015	1081.48
0.0002	1081.61
0.0004	1081.73
0.0006	1081.85
0.0008	1081.97
0.001	1082.08
0.0012	1082.19
0.0014	1082.29
0.0016	1082.39
0.0018	1082.49
0.002	1082.58
0.0022	1082.67
0.0024	1082.76
0.0026	1082.85
0.0028	1082.93
0.003	1083.01
0.0032	1083.08
0.0034	1083.16
0.0036	1083.23
0.0038	1083.3
0.004	1083.37
0.0042	1083.43
0.0044	1083.5
0.0046	1083.56
0.0048	1083.62
0.005	1083.68
0.0052	1083.74
0.0054	1083.79
0.0056	1083.85
0.0058	1083.9
0.006	1083.95
0.0062	1084.01
0.0064	1084.06
0.0066	1084.1
0.0068	1084.15
0.007	1084.2
0.0072	1084.24
0.0074	1084.28
0.0076	1084.33
0.0078	1084.37
0.008	1084.41
0.0082	1084.45
0.0084	1084.49
0.0086	1084.52
0.0088	1084.56
0.009	1084.6
0.0092	1084.63
0.0094	1084.67
0.0096	1084.7
0.0098	1084.74
0.01	1084.77
0.0102	1084.8
0.0104	1084.83
0.0106	1084.86
0.0108	1084.9
0.011	1084.93
0.0112	1084.95
0.0114	1084.98
0.0116	1085.01
0.0118	1085.04
0.012	1085.07
0.0122	1085.09
0.0124	1085.12
0.0126	1085.14
0.0128	1085.17
0.013	1085.19
0.0132	1085.22
0.0134	1085.24
0.0136	1085.26
0.0138	1085.29
0.014	1085.31
0.0142	1085.33
0.0144	1085.35
0.0146	1085.37
0.0148	1085.39
0.015	1085.41
0.0152	1085.43
0.0154	1085.45
0.0156	1085.47
0.0158	1085.49
0.016	1085.51
0.0162	1085.52
0.0164	1085.54
0.0166	1085.56
0.0168	1085.57
0.017	1085.59
0.0172	1085.6
0.0174	1085.62
0.0176	1085.63
0.0178	1085.64
0.018	1085.66
0.0182	1085.67
0.0184	1085.67
0.0186	1085.69
0.0188	1085.7
0.019	1085.72
0.0192	1085.73
0.0194	1085.74
0.0196	1085.75
0.0198	1085.76
0.02	1085.77
0.0198	1038.81
0.0196	991.844
0.0194	944.882
0.0192	897.92
0.019	850.958
0.0188	803.995
0.0186	757.033
0.0184	710.071
0.0182	663.109
0.018	616.146
0.0178	569.184
0.0176	522.222
0.0174	475.26
0.0172	428.298
0.017	381.335
0.0168	334.373
0.0166	287.411
0.0164	240.449
0.0162	193.487
0.016	146.524
0.0158	99.5622
0.0156	52.7938
0.0154	6.14989
0.0152	-40.4692
0.015	-87.0616
0.0148	-133.548
0.0146	-180.017
0.0144	-226.478
0.0142	-272.659
0.014	-318.755
0.0138	-364.836
0.0136	-410.763
0.0134	-456.368
0.0132	-501.761
0.013	-547.037
0.0128	-592.221
0.0126	-637.08
0.0124	-681.146
0.0122	-724.813
0.012	-767.698
0.0118	-809.523
0.0116	-850.291
0.0114	-889.37
0.0112	-927.268
0.011	-961.751
0.0108	-993.03
0.0106	-1016.68
0.0104	-1030.37
0.0102	-1037.7
0.01	-1042.77
0.0098	-1046.69
0.0096	-1050.2
0.0094	-1052.79
0.0092	-1055.07
0.009	-1057.09
0.0088	-1058.94
0.0086	-1060.63
0.0084	-1062.16
0.0082	-1063.59
0.008	-1064.87
0.0078	-1066.05
0.0076	-1067.16
0.0074	-1068.14
0.0072	-1069.05
0.007	-1069.9
0.0068	-1070.69
0.0066	-1071.43
0.0064	-1072.12
0.0062	-1072.77
0.006	-1073.38
0.0058	-1073.94
0.0056	-1074.47
0.0054	-1074.98
0.0052	-1075.45
0.005	-1075.9
0.0048	-1076.33
0.0046	-1076.73
0.0044	-1077.1
0.0042	-1077.46
0.004	-1077.79
0.0038	-1078.11
0.0036	-1078.41
0.0034	-1078.69
0.0032	-1078.95
0.003	-1079.21
0.0028	-1079.45
0.0026	-1079.69
0.0024	-1079.91
0.0022	-1080.12
0.002	-1080.32
0.0018	-1080.52
0.0016	-1080.7
0.0014	-1080.88
0.0012	-1081.06
0.001	-1081.22
0.0008	-1081.38
0.0006	-1081.53
0.0004	-1081.68
0.0002	-1081.81
-2.84234E-016	-1081.95
-0.0002	-1082.08
-0.0004	-1082.2
-0.0006	-1082.32
-0.0008	-1082.44
-0.001	-1082.55
-0.0012	-1082.66
-0.0014	-1082.76
-0.0016	-1082.86
-0.0018	-1082.96
-0.002	-1083.06
-0.0022	-1083.15
-0.0024	-1083.24
-0.0026	-1083.32
-0.0028	-1083.4
-0.003	-1083.49
-0.0032	-1083.56
-0.0034	-1083.64
-0.0036	-1083.71
-0.0038	-1083.78
-0.004	-1083.85
-0.0042	-1083.92
-0.0044	-1083.98
-0.0046	-1084.04
-0.0048	-1084.1
-0.005	-1084.16
-0.0052	-1084.22
-0.0054	-1084.28
-0.0056	-1084.33
-0.0058	-1084.38
-0.006	-1084.43
-0.0062	-1084.48
-0.0064	-1084.53
-0.0066	-1084.58
-0.0068	-1084.63
-0.007	-1084.67
-0.0072	-1084.72
-0.0074	-1084.76
-0.0076	-1084.8
-0.0078	-1084.84
-0.008	-1084.88
-0.0082	-1084.92
-0.0084	-1084.96
-0.0086	-1085
-0.0088	-1085.03
-0.009	-1085.07
-0.0092	-1085.1
-0.0094	-1085.14
-0.0096	-1085.17
-0.0098	-1085.2
-0.01	-1085.23
-0.0102	-1085.27
-0.0104	-1085.3
-0.0106	-1085.33
-0.0108	-1085.35
-0.011	-1085.38
-0.0112	-1085.41
-0.0114	-1085.44
-0.0116	-1085.46
-0.0118	-1085.49
-0.012	-1085.52
-0.0122	-1085.54
-0.0124	-1085.57
-0.0126	-1085.59
-0.0128	-1085.62
-0.013	-1085.64
-0.0132	-1085.66
-0.0134	-1085.69
-0.0136	-1085.71
-0.0138	-1085.73
-0.014	-1085.75
-0.0142	-1085.78
-0.0144	-1085.8
-0.0146	-1085.82
-0.0148	-1085.84
-0.015	-1085.86
-0.0152	-1085.88
-0.0154	-1085.89
-0.0156	-1085.91
-0.0158	-1085.93
-0.016	-1085.95
-0.0162	-1085.97
-0.0164	-1085.98
-0.0166	-1086
-0.0168	-1086.02
-0.017	-1086.03
-0.0172	-1086.05
-0.0174	-1086.06
-0.0176	-1086.08
-0.0178	-1086.09
-0.018	-1086.11
-0.0182	-1086.12
-0.0184	-1086.13
-0.0186	-1086.15
-0.0188	-1086.16
-0.019	-1086.17
-0.0192	-1086.19
-0.0194	-1086.2
-0.0196	-1086.21
-0.0198	-1086.22
-0.02	-1086.23
-0.0198	-1039.27
-0.0196	-992.309
-0.0194	-945.347
-0.0192	-898.384
-0.019	-851.422
-0.0188	-804.46
-0.0186	-757.498
-0.0184	-710.536
-0.0182	-663.573
-0.018	-616.611
-0.0178	-569.649
-0.0176	-522.687
-0.0174	-475.725
-0.0172	-428.762
-0.017	-381.8
-0.0168	-334.838
-0.0166	-287.876
-0.0164	-240.913
-0.0162	-193.951
-0.016	-146.989
-0.0158	-100.027
-0.0156	-53.2585
-0.0154	-6.61456
-0.0152	40.0045
-0.015	86.5968
-0.0148	133.083
-0.0146	179.552
-0.0144	226.013
-0.0142	272.194
-0.014	318.291
-0.0138	364.371
-0.0136	410.298
-0.0134	455.903
-0.0132	501.296
-0.013	546.572
-0.0128	591.753
-0.0126	636.537
-0.0124	680.583
-0.0122	724.253
-0.012	767.141
-0.0118	808.968
-0.0116	849.673
-0.0114	888.774
-0.0112	926.677
-0.011	961.218
-0.0108	992.371
-0.0106	1016.22
-0.0104	1030.2
-0.0102	1037.63
-0.01	1042.55
-0.0098	1046.55
-0.0096	1049.92
-0.0094	1052.6
-0.0092	1054.91
-0.009	1056.96
-0.0088	1058.83
-0.0086	1060.54
-0.0084	1062.09
-0.0082	1063.53
-0.008	1064.84
-0.0078	1066.04
-0.0076	1067.16
-0.0074	1068.16
-0.0072	1069.09
-0.007	1069.95
-0.0068	1070.76
-0.0066	1071.52
-0.0064	1072.23
-0.0062	1072.89
-0.006	1073.51
-0.0058	1074.09
-0.0056	1074.64
-0.0054	1075.15
-0.0052	1075.64
-0.005	1076.09
-0.0048	1076.52
-0.0046	1076.93
-0.0044	1077.32
-0.0042	1077.69
-0.004	1078
-0.0038	1078.35
-0.0036	1078.65
-0.0034	1078.93
-0.0032	1079.2
-0.003	1079.46
-0.0028	1079.71
-0.0026	1079.94
-0.0024	1080.16
-0.0022	1080.38
-0.002	1080.59
-0.0018	1080.78
-0.0016	1080.97
-0.0014	1081.15
-0.0012	1081.33
-0.001	1081.49
-0.0008	1081.65
-0.0006	1081.81
-0.0004	1081.95
-0.0002	1082.1
0	1082.23
