0	-0
0.0002	46.9622
0.0004	93.9244
0.0006	140.887
0.0008	187.849
0.001	234.811
0.0012	281.773
0.0014	328.67
0.0016	375.309
0.0018	421.838
0.002	468.07
0.0022	513.94
0.0024	559.344
0.0026	603.286
0.0028	644.415
0.003	677.481
0.0032	690.209
0.0034	699.286
0.0036	707.303
0.0038	714.824
0.004	721.866
0.0042	728.519
0.0044	734.788
0.0046	740.889
0.0048	746.773
0.005	752.428
0.0052	757.279
0.0054	761.404
0.0056	765.456
0.0058	769.422
0.006	773.353
0.0062	777.251
0.0064	781.114
0.0066	784.948
0.0068	788.743
0.007	792.501
0.0072	796.234
0.0074	799.94
0.0076	803.622
0.0078	807.279
0.008	810.908
0.0082	814.512
0.0084	818.091
0.0086	821.644
0.0088	825.174
0.009	828.68
0.0092	832.158
0.0094	835.614
0.0096	839.048
0.0098	842.459
0.01	845.849
0.0102	849.217
0.0104	852.564
0.0106	855.889
0.0108	859.193
0.011	862.477
0.0112	865.739
0.0114	868.981
0.0116	872.203
0.0118	875.405
0.012	878.585
0.0122	881.746
0.0124	884.885
0.0126	888.006
0.0128	891.107
0.013	894.189
0.0132	897.251
0.0134	900.295
0.0136	903.32
0.0138	906.327
0.014	909.315
0.0142	912.285
0.0144	915.236
0.0146	918.169
0.0148	921.084
0.015	923.981
0.0152	926.86
0.0154	929.72
0.0156	932.563
0.0158	935.389
0.016	938.198
0.0162	940.991
0.0164	943.766
0.0166	946.525
0.0168	949.267
0.017	951.993
0.0172	954.703
0.0174	957.397
0.0176	960.074
0.0178	962.736
0.018	965.383
0.0182	968.013
0.0184	970.629
0.0186	973.228
0.0188	975.813
0.019	978.383
0.0192	980.937
0.0194	983.477
0.0196	986.002
0.0198	988.513
0.02	991.008
0.0198	944.046
0.0196	897.084
0.0194	850.122
0.0192	803.16
0.019	756.197
0.0188	709.235
0.0186	662.273
0.0184	615.311
0.0182	568.349
0.018	521.386
0.0178	474.424
0.0176	427.462
0.0174	380.5
0.0172	333.663
0.017	286.936
0.0168	240.311
0.0166	193.718
0.0164	147.134
0.0162	100.73
0.016	54.4512
0.0158	8.29988
0.0156	-37.6098
0.0154	-83.334
0.0152	-128.845
0.015	-173.625
0.0148	-217.644
0.0146	-260.438
0.0144	-301.803
0.0142	-339.961
0.014	-371.81
0.0138	-389.07
0.0136	-401.997
0.0134	-413.551
0.0132	-424.222
0.013	-434.333
0.0128	-444.047
0.0126	-453.285
0.0124	-462.156
0.0122	-470.658
0.012	-478.854
0.0118	-486.85
0.0116	-494.72
0.0114	-502.363
0.0112	-509.769
0.011	-516.938
0.0108	-523.339
0.0106	-528.881
0.0104	-534.311
0.0102	-539.701
0.01	-545.003
0.0098	-550.265
0.0096	-555.408
0.0094	-560.51
0.0092	-565.573
0.009	-570.594
0.0088	-575.58
0.0086	-580.531
0.0084	-585.442
0.0082	-590.315
0.008	-595.155
0.0078	-599.956
0.0076	-604.721
0.0074	-609.443
0.0072	-614.133
0.007	-618.793
0.0068	-623.422
0.0066	-628.021
0.0064	-632.589
0.0062	-637.128
0.006	-641.637
0.0058	-646.116
0.0056	-650.566
0.0054	-654.985
0.0052	-659.371
0.005	-663.729
0.0048	-668.058
0.0046	-672.36
0.0044	-676.634
0.0042	-680.88
0.004	-685.1
0.0038	-689.292
0.0036	-693.454
0.0034	-697.588
0.0032	-701.695
0.003	-705.776
0.0028	-709.831
0.0026	-713.861
0.0024	-717.865
0.0022	-721.843
0.002	-725.796
0.0018	-729.725
0.0016	-733.628
0.0014	-737.507
0.0012	-741.362
0.001	-745.192
0.0008	-748.998
0.0006	-752.78
0.0004	-756.538
0.0002	-760.273
-2.6628E-017	-763.984
-0.0002	-767.672
-0.0004	-771.337
-0.0006	-774.979
-0.0008	-778.598
-0.001	-782.195
-0.0012	-785.768
-0.0014	-789.319
-0.0016	-792.847
-0.0018	-796.353
-0.002	-799.838
-0.0022	-803.3
-0.0024	-806.741
-0.0026	-810.16
-0.0028	-813.558
-0.003	-816.935
-0.0032	-820.292
-0.0034	-823.628
-0.0036	-826.943
-0.0038	-830.237
-0.004	-833.512
-0.0042	-836.766
-0.0044	-840.001
-0.0046	-843.215
-0.0048	-846.41
-0.005	-849.586
-0.0052	-852.742
-0.0054	-855.879
-0.0056	-858.996
-0.0058	-862.094
-0.006	-865.173
-0.0062	-868.233
-0.0064	-871.275
-0.0066	-874.298
-0.0068	-877.303
-0.007	-880.29
-0.0072	-883.258
-0.0074	-886.209
-0.0076	-889.141
-0.0078	-892.055
-0.008	-894.952
-0.0082	-897.832
-0.0084	-900.694
-0.0086	-903.539
-0.0088	-906.367
-0.009	-909.179
-0.0092	-911.973
-0.0094	-914.751
-0.0096	-917.513
-0.0098	-920.259
-0.01	-922.988
-0.0102	-925.701
-0.0104	-928.399
-0.0106	-931.08
-0.0108	-933.746
-0.011	-936.396
-0.0112	-939.031
-0.0114	-941.651
-0.0116	-944.255
-0.0118	-946.844
-0.012	-949.418
-0.0122	-951.978
-0.0124	-954.522
-0.0126	-957.053
-0.0128	-959.568
-0.013	-962.069
-0.0132	-964.556
-0.0134	-967.029
-0.0136	-969.487
-0.0138	-971.932
-0.014	-974.363
-0.0142	-976.78
-0.0144	-979.183
-0.0146	-981.573
-0.0148	-983.95
-0.015	-986.313
-0.0152	-988.663
-0.0154	-991
-0.0156	-993.323
-0.0158	-995.635
-0.016	-997.933
-0.0162	-1000.22
-0.0164	-1002.49
-0.0166	-1004.75
-0.0168	-1007
-0.017	-1009.24
-0.0172	-1011.46
-0.0174	-1013.67
-0.0176	-1015.87
-0.0178	-1018.06
-0.018	-1020.23
-0.0182	-1022.4
-0.0184	-1024.55
-0.0186	-1026.69
-0.0188	-1028.82
-0.019	-1030.94
-0.0192	-1033.05
-0.0194	-1035.14
-0.0196	-1037.23
-0.0198	-1039.3
-0.02	-1041.36
-0.0198	-994.4
-0.0196	-947.438
-0.0194	-900.475
-0.0192	-853.513
-0.019	-806.551
-0.0188	-759.589
-0.0186	-712.627
-0.0184	-665.664
-0.0182	-618.702
-0.018	-571.74
-0.0178	-524.778
-0.0176	-477.816
-0.0174	-430.853
-0.0172	-384.014
-0.017	-337.288
-0.0168	-290.663
-0.0166	-244.07
-0.0164	-197.485
-0.0162	-151.08
-0.016	-104.798
-0.0158	-58.6431
-0.0156	-12.7258
-0.0154	33.0091
-0.0152	78.534
-0.015	123.337
-0.0148	167.403
-0.0146	210.275
-0.0144	251.748
-0.0142	290.11
-0.014	322.307
-0.0138	340.001
-0.0136	353.384
-0.0134	365.423
-0.0132	376.52
-0.013	387.046
-0.0128	397.153
-0.0126	406.772
-0.0124	416.01
-0.0122	424.842
-0.012	433.397
-0.0118	441.808
-0.0116	449.998
-0.0114	457.931
-0.0112	465.629
-0.011	472.657
-0.0108	478.621
-0.0106	484.411
-0.0104	490.158
-0.0102	495.826
-0.01	501.438
-0.0098	506.942
-0.0096	512.387
-0.0094	517.791
-0.0092	523.151
-0.009	528.472
-0.0088	533.757
-0.0086	539.001
-0.0084	544.204
-0.0082	549.371
-0.008	554.498
-0.0078	559.589
-0.0076	564.634
-0.0074	569.645
-0.0072	574.624
-0.007	579.57
-0.0068	584.484
-0.0066	589.366
-0.0064	594.216
-0.0062	599.035
-0.006	603.822
-0.0058	608.575
-0.0056	613.296
-0.0054	617.985
-0.0052	622.644
-0.005	627.273
-0.0048	631.872
-0.0046	636.442
-0.0044	640.982
-0.0042	645.494
-0.004	649.977
-0.0038	654.426
-0.0036	658.846
-0.0034	663.239
-0.0032	667.603
-0.003	671.94
-0.0028	676.249
-0.0026	680.531
-0.0024	684.786
-0.0022	689.015
-0.002	693.216
-0.0018	697.391
-0.0016	701.539
-0.0014	705.661
-0.0012	709.758
-0.001	713.828
-0.0008	717.873
-0.0006	721.893
-0.0004	725.887
-0.0002	729.856
-8.25989E-016	733.8
0.0002	737.719
0.0004	741.614
0.0006	745.483
0.0008	749.328
0.001	753.148
0.0012	756.945
0.0014	760.717
0.0016	764.466
0.0018	768.192
0.002	771.893
0.0022	775.572
0.0024	779.228
0.0026	782.861
0.0028	786.472
0.003	790.06
0.0032	793.626
0.0034	797.17
0.0036	800.691
0.0038	804.191
0.004	807.67
0.0042	811.127
0.0044	814.562
0.0046	817.976
0.0048	821.369
0.005	824.741
0.0052	828.091
0.0054	831.421
0.0056	834.73
0.0058	838.019
0.006	841.288
0.0062	844.537
0.0064	847.766
0.0066	850.975
0.0068	854.164
0.007	857.333
0.0072	860.482
0.0074	863.612
0.0076	866.724
0.0078	869.817
0.008	872.89
0.0082	875.945
0.0084	878.982
0.0086	882.001
0.0088	885.001
0.009	887.983
0.0092	890.948
0.0094	893.894
0.0096	896.823
0.0098	899.734
0.01	902.628
0.0102	905.505
0.0104	908.365
0.0106	911.208
0.0108	914.033
0.011	916.842
0.0112	919.635
0.0114	922.411
0.0116	925.17
0.0118	927.913
0.012	930.641
0.0122	933.352
0.0124	936.047
0.0126	938.727
0.0128	941.39
0.013	944.039
0.0132	946.672
0.0134	949.29
0.0136	951.892
0.0138	954.48
0.014	957.052
0.0142	959.61
0.0144	962.153
0.0146	964.681
0.0148	967.195
0.015	969.695
0.0152	972.18
0.0154	974.652
0.0156	977.109
0.0158	979.552
0.016	981.981
0.0162	984.397
0.0164	986.799
0.0166	989.188
0.0168	991.563
0.017	993.925
0.0172	996.274
0.0174	998.61
0.0176	1000.93
0.0178	1003.24
0.018	1005.54
0.0182	1007.82
0.0184	1010.1
0.0186	1012.35
0.0188	1014.6
0.019	1016.84
0.0192	1019.06
0.0194	1021.27
0.0196	1023.47
0.0198	1025.65
0.02	1027.83
0.0198	980.867
0.0196	933.904
0.0194	886.942
0.0192	839.98
0.019	793.018
0.0188	746.056
0.0186	699.094
0.0184	652.131
0.0182	605.169
0.018	558.207
0.0178	511.245
0.0176	464.282
0.0174	417.32
0.0172	370.482
0.017	323.756
0.0168	277.132
0.0166	230.538
0.0164	183.953
0.0162	137.546
0.016	91.2651
0.0158	45.1095
0.0156	-0.806486
0.0154	-46.5413
0.0152	-92.0645
0.015	-136.866
0.0148	-180.926
0.0146	-223.787
0.0144	-265.243
0.0142	-303.567
0.014	-335.694
0.0138	-353.289
0.0136	-366.596
0.0134	-378.496
0.0132	-389.497
0.013	-399.927
0.0128	-409.941
0.0126	-419.468
0.0124	-428.622
0.0122	-437.362
0.012	-445.825
0.0118	-454.134
0.0116	-462.245
0.0114	-470.108
0.0112	-477.741
0.011	-484.887
0.0108	-490.803
0.0106	-496.51
0.0104	-502.173
0.0102	-507.767
0.01	-513.297
0.0098	-518.735
0.0096	-524.1
0.0094	-529.423
0.0092	-534.704
0.009	-539.945
0.0088	-545.151
0.0086	-550.319
0.0084	-555.444
0.0082	-560.534
0.008	-565.584
0.0078	-570.598
0.0076	-575.57
0.0074	-580.505
0.0072	-585.408
0.007	-590.279
0.0068	-595.118
0.0066	-599.925
0.0064	-604.702
0.0062	-609.446
0.006	-614.16
0.0058	-618.842
0.0056	-623.492
0.0054	-628.109
0.0052	-632.696
0.005	-637.253
0.0048	-641.781
0.0046	-646.281
0.0044	-650.751
0.0042	-655.193
0.004	-659.607
0.0038	-663.99
0.0036	-668.342
0.0034	-672.667
0.0032	-676.964
0.003	-681.234
0.0028	-685.476
0.0026	-689.692
0.0024	-693.881
0.0022	-698.044
0.002	-702.18
0.0018	-706.29
0.0016	-710.374
0.0014	-714.432
0.0012	-718.465
0.001	-722.472
0.0008	-726.454
0.0006	-730.411
0.0004	-734.343
0.0002	-738.251
1.66976E-015	-742.133
-0.0002	-745.992
-0.0004	-749.826
-0.0006	-753.636
-0.0008	-757.422
-0.001	-761.183
-0.0012	-764.92
-0.0014	-768.635
-0.0016	-772.326
-0.0018	-775.994
-0.002	-779.638
-0.0022	-783.26
-0.0024	-786.859
-0.0026	-790.436
-0.0028	-793.991
-0.003	-797.523
-0.0032	-801.034
-0.0034	-804.523
-0.0036	-807.99
-0.0038	-811.436
-0.004	-814.861
-0.0042	-818.264
-0.0044	-821.647
-0.0046	-825.008
-0.0048	-828.349
-0.005	-831.669
-0.0052	-834.968
-0.0054	-838.247
-0.0056	-841.505
-0.0058	-844.744
-0.006	-847.963
-0.0062	-851.162
-0.0064	-854.341
-0.0066	-857.501
-0.0068	-860.643
-0.007	-863.763
-0.0072	-866.865
-0.0074	-869.947
-0.0076	-873.011
-0.0078	-876.057
-0.008	-879.084
-0.0082	-882.092
-0.0084	-885.083
-0.0086	-888.056
-0.0088	-891.01
-0.009	-893.947
-0.0092	-896.867
-0.0094	-899.769
-0.0096	-902.653
-0.0098	-905.521
-0.01	-908.371
-0.0102	-911.205
-0.0104	-914.021
-0.0106	-916.821
-0.0108	-919.604
-0.011	-922.371
-0.0112	-925.122
-0.0114	-927.856
-0.0116	-930.574
-0.0118	-933.277
-0.012	-935.963
-0.0122	-938.634
-0.0124	-941.289
-0.0126	-943.929
-0.0128	-946.554
-0.013	-949.163
-0.0132	-951.757
-0.0134	-954.336
-0.0136	-956.9
-0.0138	-959.45
-0.014	-961.984
-0.0142	-964.505
-0.0144	-967.01
-0.0146	-969.502
-0.0148	-971.979
-0.015	-974.442
-0.0152	-976.892
-0.0154	-979.327
-0.0156	-981.749
-0.0158	-984.156
-0.016	-986.551
-0.0162	-988.932
-0.0164	-991.299
-0.0166	-993.654
-0.0168	-995.995
-0.017	-998.323
-0.0172	-1000.64
-0.0174	-1002.94
-0.0176	-1005.23
-0.0178	-1007.51
-0.018	-1009.77
-0.0182	-1012.02
-0.0184	-1014.26
-0.0186	-1016.49
-0.0188	-1018.71
-0.019	-1020.91
-0.0192	-1023.1
-0.0194	-1025.28
-0.0196	-1027.45
-0.0198	-1029.6
-0.02	-1031.75
-0.0198	-984.787
-0.0196	-937.825
-0.0194	-890.863
-0.0192	-843.901
-0.019	-796.938
-0.0188	-749.976
-0.0186	-703.014
-0.0184	-656.052
-0.0182	-609.09
-0.018	-562.127
-0.0178	-515.165
-0.0176	-468.203
-0.0174	-421.241
-0.0172	-374.402
-0.017	-327.676
-0.0168	-281.051
-0.0166	-234.458
-0.0164	-187.873
-0.0162	-141.467
-0.016	-95.1855
-0.0158	-49.03
-0.0156	-3.11327
-0.0154	42.6213
-0.0152	88.1451
-0.015	132.947
-0.0148	177.009
-0.0146	219.871
-0.0144	261.33
-0.0142	299.662
-0.014	331.807
-0.0138	349.429
-0.0136	362.73
-0.0134	374.685
-0.0132	385.707
-0.013	396.16
-0.0128	406.195
-0.0126	415.744
-0.0124	424.922
-0.0122	433.684
-0.012	442.17
-0.0118	450.505
-0.0116	458.636
-0.0114	466.519
-0.0112	474.168
-0.011	481.296
-0.0108	487.229
-0.0106	492.959
-0.0104	498.647
-0.0102	504.262
-0.01	509.816
-0.0098	515.274
-0.0096	520.662
-0.0094	526.008
-0.0092	531.312
-0.009	536.576
-0.0088	541.805
-0.0086	546.995
-0.0084	552.142
-0.0082	557.254
-0.008	562.326
-0.0078	567.362
-0.0076	572.354
-0.0074	577.311
-0.0072	582.235
-0.007	587.127
-0.0068	591.987
-0.0066	596.816
-0.0064	601.613
-0.0062	606.379
-0.006	611.113
-0.0058	615.816
-0.0056	620.485
-0.0054	625.122
-0.0052	629.73
-0.005	634.307
-0.0048	638.855
-0.0046	643.374
-0.0044	647.865
-0.0042	652.326
-0.004	656.759
-0.0038	661.161
-0.0036	665.532
-0.0034	669.875
-0.0032	674.191
-0.003	678.48
-0.0028	682.741
-0.0026	686.976
-0.0024	691.183
-0.0022	695.364
-0.002	699.518
-0.0018	703.646
-0.0016	707.748
-0.0014	711.825
-0.0012	715.875
-0.001	719.9
-0.0008	723.899
-0.0006	727.874
-0.0004	731.823
-0.0002	735.748
-2.52242E-015	739.648
0.0002	743.523
0.0004	747.374
0.0006	751.201
0.0008	755.003
0.001	758.78
0.0012	762.534
0.0014	766.265
0.0016	769.972
0.0018	773.656
0.002	777.316
0.0022	780.954
0.0024	784.569
0.0026	788.161
0.0028	791.732
0.003	795.279
0.0032	798.805
0.0034	802.31
0.0036	805.792
0.0038	809.253
0.004	812.693
0.0042	816.111
0.0044	819.508
0.0046	822.884
0.0048	826.24
0.005	829.574
0.0052	832.887
0.0054	836.18
0.0056	839.453
0.0058	842.705
0.006	845.938
0.0062	849.151
0.0064	852.344
0.0066	855.518
0.0068	858.672
0.007	861.806
0.0072	864.921
0.0074	868.016
0.0076	871.094
0.0078	874.152
0.008	877.192
0.0082	880.214
0.0084	883.217
0.0086	886.202
0.0088	889.17
0.009	892.119
0.0092	895.051
0.0094	897.965
0.0096	900.862
0.0098	903.742
0.01	906.604
0.0102	909.45
0.0104	912.278
0.0106	915.09
0.0108	917.885
0.011	920.664
0.0112	923.426
0.0114	926.172
0.0116	928.901
0.0118	931.615
0.012	934.313
0.0122	936.995
0.0124	939.661
0.0126	942.312
0.0128	944.947
0.013	947.568
0.0132	950.172
0.0134	952.762
0.0136	955.337
0.0138	957.897
0.014	960.442
0.0142	962.973
0.0144	965.489
0.0146	967.991
0.0148	970.478
0.015	972.952
0.0152	975.411
0.0154	977.856
0.0156	980.288
0.0158	982.706
0.016	985.11
0.0162	987.5
0.0164	989.878
0.0166	992.242
0.0168	994.592
0.017	996.93
0.0172	999.254
0.0174	1001.57
0.0176	1003.87
0.0178	1006.15
0.018	1008.42
0.0182	1010.69
0.0184	1012.93
0.0186	1015.17
0.0188	1017.4
0.019	1019.61
0.0192	1021.81
0.0194	1024
0.0196	1026.17
0.0198	1028.34
0.02	1030.49
0.0198	983.528
0.0196	936.566
0.0194	889.603
0.0192	842.641
0.019	795.679
0.0188	748.717
0.0186	701.755
0.0184	654.792
0.0182	607.83
0.018	560.868
0.0178	513.906
0.0176	466.943
0.0174	419.981
0.0172	373.142
0.017	326.416
0.0168	279.792
0.0166	233.199
0.0164	186.613
0.0162	140.207
0.016	93.9261
0.0158	47.7706
0.0156	1.85425
0.0154	-43.8805
0.0152	-89.4041
0.015	-134.206
0.0148	-178.267
0.0146	-221.13
0.0144	-262.589
0.0142	-300.92
0.014	-333.06
0.0138	-350.674
0.0136	-363.971
0.0134	-375.922
0.0132	-386.941
0.013	-397.39
0.0128	-407.421
0.0126	-416.965
0.0124	-426.138
0.0122	-434.894
0.012	-443.375
0.0118	-451.703
0.0116	-459.829
0.0114	-467.708
0.0112	-475.352
0.011	-482.478
0.0108	-488.404
0.0106	-494.127
0.0104	-499.806
0.0102	-505.414
0.01	-510.961
0.0098	-516.412
0.0096	-521.792
0.0094	-527.132
0.0092	-532.428
0.009	-537.685
0.0088	-542.907
0.0086	-548.09
0.0084	-553.23
0.0082	-558.335
0.008	-563.4
0.0078	-568.429
0.0076	-573.415
0.0074	-578.365
0.0072	-583.283
0.007	-588.168
0.0068	-593.022
0.0066	-597.844
0.0064	-602.635
0.0062	-607.394
0.006	-612.122
0.0058	-616.818
0.0056	-621.482
0.0054	-626.113
0.0052	-630.714
0.005	-635.285
0.0048	-639.828
0.0046	-644.341
0.0044	-648.825
0.0042	-653.281
0.004	-657.708
0.0038	-662.104
0.0036	-666.469
0.0034	-670.807
0.0032	-675.117
0.003	-679.4
0.0028	-683.656
0.0026	-687.885
0.0024	-692.086
0.0022	-696.262
0.002	-700.411
0.0018	-704.533
0.0016	-708.63
0.0014	-712.701
0.0012	-716.746
0.001	-720.766
0.0008	-724.76
0.0006	-728.729
0.0004	-732.673
0.0002	-736.593
3.37508E-015	-740.488
-0.0002	-744.358
-0.0004	-748.204
-0.0006	-752.026
-0.0008	-755.823
-0.001	-759.595
-0.0012	-763.345
-0.0014	-767.07
-0.0016	-770.773
-0.0018	-774.452
-0.002	-778.108
-0.0022	-781.741
-0.0024	-785.351
-0.0026	-788.938
-0.0028	-792.504
-0.003	-796.048
-0.0032	-799.569
-0.0034	-803.069
-0.0036	-806.547
-0.0038	-810.003
-0.004	-813.438
-0.0042	-816.852
-0.0044	-820.245
-0.0046	-823.617
-0.0048	-826.968
-0.005	-830.298
-0.0052	-833.607
-0.0054	-836.896
-0.0056	-840.164
-0.0058	-843.413
-0.006	-846.642
-0.0062	-849.85
-0.0064	-853.04
-0.0066	-856.209
-0.0068	-859.36
-0.007	-862.49
-0.0072	-865.601
-0.0074	-868.693
-0.0076	-871.766
-0.0078	-874.82
-0.008	-877.857
-0.0082	-880.875
-0.0084	-883.874
-0.0086	-886.856
-0.0088	-889.819
-0.009	-892.765
-0.0092	-895.693
-0.0094	-898.604
-0.0096	-901.497
-0.0098	-904.373
-0.01	-907.232
-0.0102	-910.074
-0.0104	-912.899
-0.0106	-915.708
-0.0108	-918.499
-0.011	-921.274
-0.0112	-924.033
-0.0114	-926.776
-0.0116	-929.502
-0.0118	-932.212
-0.012	-934.907
-0.0122	-937.586
-0.0124	-940.249
-0.0126	-942.896
-0.0128	-945.528
-0.013	-948.145
-0.0132	-950.747
-0.0134	-953.334
-0.0136	-955.905
-0.0138	-958.462
-0.014	-961.005
-0.0142	-963.532
-0.0144	-966.045
-0.0146	-968.544
-0.0148	-971.029
-0.015	-973.499
-0.0152	-975.955
-0.0154	-978.397
-0.0156	-980.826
-0.0158	-983.241
-0.016	-985.642
-0.0162	-988.03
-0.0164	-990.404
-0.0166	-992.765
-0.0168	-995.113
-0.017	-997.448
-0.0172	-999.77
-0.0174	-1002.08
-0.0176	-1004.38
-0.0178	-1006.66
-0.018	-1008.93
-0.0182	-1011.19
-0.0184	-1013.43
-0.0186	-1015.67
-0.0188	-1017.89
-0.019	-1020.1
-0.0192	-1022.3
-0.0194	-1024.48
-0.0196	-1026.66
-0.0198	-1028.82
-0.02	-1030.97
-0.0198	-984.006
-0.0196	-937.044
-0.0194	-890.082
-0.0192	-843.12
-0.019	-796.157
-0.0188	-749.195
-0.0186	-702.233
-0.0184	-655.271
-0.0182	-608.308
-0.018	-561.346
-0.0178	-514.384
-0.0176	-467.422
-0.0174	-420.46
-0.0172	-373.621
-0.017	-326.895
-0.0168	-280.271
-0.0166	-233.677
-0.0164	-187.092
-0.0162	-140.686
-0.016	-94.4044
-0.0158	-48.2489
-0.0156	-2.33241
-0.0154	43.4022
-0.0152	88.9259
-0.015	133.728
-0.0148	177.789
-0.0146	220.652
-0.0144	262.11
-0.0142	300.44
-0.014	332.581
-0.0138	350.199
-0.0136	363.494
-0.0134	375.445
-0.0132	386.463
-0.013	396.912
-0.0128	406.943
-0.0126	416.487
-0.0124	425.661
-0.0122	434.418
-0.012	442.9
-0.0118	451.23
-0.0116	459.357
-0.0114	467.237
-0.0112	474.882
-0.011	482.013
-0.0108	487.943
-0.0106	493.668
-0.0104	499.351
-0.0102	504.962
-0.01	510.511
-0.0098	515.965
-0.0096	521.348
-0.0094	526.69
-0.0092	531.99
-0.009	537.249
-0.0088	542.473
-0.0086	547.659
-0.0084	552.802
-0.0082	557.909
-0.008	562.977
-0.0078	568.008
-0.0076	572.997
-0.0074	577.949
-0.0072	582.869
-0.007	587.757
-0.0068	592.613
-0.0066	597.438
-0.0064	602.231
-0.0062	606.992
-0.006	611.723
-0.0058	616.421
-0.0056	621.087
-0.0054	625.72
-0.0052	630.323
-0.005	634.896
-0.0048	639.441
-0.0046	643.956
-0.0044	648.442
-0.0042	652.9
-0.004	657.329
-0.0038	661.727
-0.0036	666.095
-0.0034	670.434
-0.0032	674.747
-0.003	679.031
-0.0028	683.289
-0.0026	687.519
-0.0024	691.723
-0.0022	695.9
-0.002	700.051
-0.0018	704.176
-0.0016	708.274
-0.0014	712.347
-0.0012	716.394
-0.001	720.415
-0.0008	724.412
-0.0006	728.383
-0.0004	732.328
-0.0002	736.25
-4.22774E-015	740.146
0.0002	744.018
0.0004	747.866
0.0006	751.689
0.0008	755.488
0.001	759.262
0.0012	763.013
0.0014	766.741
0.0016	770.445
0.0018	774.125
0.002	777.782
0.0022	781.417
0.0024	785.029
0.0026	788.618
0.0028	792.185
0.003	795.73
0.0032	799.253
0.0034	802.754
0.0036	806.234
0.0038	809.692
0.004	813.128
0.0042	816.544
0.0044	819.938
0.0046	823.311
0.0048	826.664
0.005	829.995
0.0052	833.306
0.0054	836.596
0.0056	839.866
0.0058	843.115
0.006	846.345
0.0062	849.555
0.0064	852.746
0.0066	855.917
0.0068	859.069
0.007	862.2
0.0072	865.312
0.0074	868.405
0.0076	871.48
0.0078	874.536
0.008	877.573
0.0082	880.592
0.0084	883.593
0.0086	886.576
0.0088	889.54
0.009	892.488
0.0092	895.417
0.0094	898.329
0.0096	901.223
0.0098	904.101
0.01	906.96
0.0102	909.804
0.0104	912.63
0.0106	915.439
0.0108	918.232
0.011	921.008
0.0112	923.768
0.0114	926.512
0.0116	929.239
0.0118	931.951
0.012	934.646
0.0122	937.326
0.0124	939.99
0.0126	942.639
0.0128	945.272
0.013	947.89
0.0132	950.493
0.0134	953.08
0.0136	955.653
0.0138	958.211
0.014	960.754
0.0142	963.283
0.0144	965.797
0.0146	968.297
0.0148	970.782
0.015	973.253
0.0152	975.711
0.0154	978.154
0.0156	980.583
0.0158	982.999
0.016	985.401
0.0162	987.79
0.0164	990.165
0.0166	992.527
0.0168	994.876
0.017	997.212
0.0172	999.535
0.0174	1001.84
0.0176	1004.14
0.0178	1006.43
0.018	1008.7
0.0182	1010.96
0.0184	1013.2
0.0186	1015.44
0.0188	1017.66
0.019	1019.87
0.0192	1022.07
0.0194	1024.26
0.0196	1026.43
0.0198	1028.59
0.02	1030.75
0.0198	983.783
0.0196	936.821
0.0194	889.859
0.0192	842.897
0.019	795.934
0.0188	748.972
0.0186	702.01
0.0184	655.048
0.0182	608.086
0.018	561.123
0.0178	514.161
0.0176	467.199
0.0174	420.237
0.0172	373.398
0.017	326.672
0.0168	280.048
0.0166	233.454
0.0164	186.869
0.0162	140.463
0.016	94.1817
0.0158	48.0261
0.0156	2.10971
0.0154	-43.625
0.0152	-89.1486
0.015	-133.95
0.0148	-178.012
0.0146	-220.875
0.0144	-262.333
0.0142	-300.665
0.014	-332.806
0.0138	-350.422
0.0136	-363.719
0.0134	-375.671
0.0132	-386.691
0.013	-397.14
0.0128	-407.172
0.0126	-416.717
0.0124	-425.891
0.0122	-434.648
0.012	-443.13
0.0118	-451.46
0.0116	-459.587
0.0114	-467.466
0.0112	-475.111
0.011	-482.237
0.0108	-488.165
0.0106	-493.889
0.0104	-499.571
0.0102	-505.18
0.01	-510.728
0.0098	-516.18
0.0096	-521.562
0.0094	-526.903
0.0092	-532.201
0.009	-537.46
0.0088	-542.683
0.0086	-547.867
0.0084	-553.009
0.0082	-558.115
0.008	-563.182
0.0078	-568.212
0.0076	-573.199
0.0074	-578.15
0.0072	-583.069
0.007	-587.956
0.0068	-592.811
0.0066	-597.635
0.0064	-602.427
0.0062	-607.187
0.006	-611.917
0.0058	-616.614
0.0056	-621.279
0.0054	-625.911
0.0052	-630.513
0.005	-635.086
0.0048	-639.629
0.0046	-644.144
0.0044	-648.629
0.0042	-653.086
0.004	-657.515
0.0038	-661.912
0.0036	-666.278
0.0034	-670.617
0.0032	-674.929
0.003	-679.212
0.0028	-683.469
0.0026	-687.699
0.0024	-691.902
0.0022	-696.079
0.002	-700.228
0.0018	-704.352
0.0016	-708.45
0.0014	-712.522
0.0012	-716.568
0.001	-720.589
0.0008	-724.584
0.0006	-728.555
0.0004	-732.5
0.0002	-736.42
5.0804E-015	-740.316
-0.0002	-744.187
-0.0004	-748.035
-0.0006	-751.857
-0.0008	-755.655
-0.001	-759.429
-0.0012	-763.179
-0.0014	-766.906
-0.0016	-770.609
-0.0018	-774.289
-0.002	-777.946
-0.0022	-781.58
-0.0024	-785.191
-0.0026	-788.78
-0.0028	-792.346
-0.003	-795.89
-0.0032	-799.413
-0.0034	-802.913
-0.0036	-806.392
-0.0038	-809.85
-0.004	-813.286
-0.0042	-816.7
-0.0044	-820.094
-0.0046	-823.467
-0.0048	-826.819
-0.005	-830.15
-0.0052	-833.46
-0.0054	-836.749
-0.0056	-840.018
-0.0058	-843.268
-0.006	-846.497
-0.0062	-849.707
-0.0064	-852.897
-0.0066	-856.068
-0.0068	-859.219
-0.007	-862.349
-0.0072	-865.461
-0.0074	-868.554
-0.0076	-871.628
-0.0078	-874.683
-0.008	-877.72
-0.0082	-880.739
-0.0084	-883.739
-0.0086	-886.721
-0.0088	-889.686
-0.009	-892.633
-0.0092	-895.561
-0.0094	-898.473
-0.0096	-901.367
-0.0098	-904.244
-0.01	-907.103
-0.0102	-909.946
-0.0104	-912.771
-0.0106	-915.581
-0.0108	-918.373
-0.011	-921.149
-0.0112	-923.908
-0.0114	-926.651
-0.0116	-929.378
-0.0118	-932.089
-0.012	-934.785
-0.0122	-937.464
-0.0124	-940.128
-0.0126	-942.776
-0.0128	-945.409
-0.013	-948.026
-0.0132	-950.629
-0.0134	-953.216
-0.0136	-955.788
-0.0138	-958.346
-0.014	-960.889
-0.0142	-963.417
-0.0144	-965.931
-0.0146	-968.43
-0.0148	-970.915
-0.015	-973.386
-0.0152	-975.843
-0.0154	-978.286
-0.0156	-980.715
-0.0158	-983.131
-0.016	-985.532
-0.0162	-987.921
-0.0164	-990.296
-0.0166	-992.657
-0.0168	-995.006
-0.017	-997.341
-0.0172	-999.664
-0.0174	-1001.97
-0.0176	-1004.27
-0.0178	-1006.55
-0.018	-1008.83
-0.0182	-1011.08
-0.0184	-1013.33
-0.0186	-1015.56
-0.0188	-1017.79
-0.019	-1020
-0.0192	-1022.2
-0.0194	-1024.38
-0.0196	-1026.56
-0.0198	-1028.72
-0.02	-1030.87
-0.0198	-983.907
-0.0196	-936.945
-0.0194	-889.983
-0.0192	-843.021
-0.019	-796.058
-0.0188	-749.096
-0.0186	-702.134
-0.0184	-655.172
-0.0182	-608.21
-0.018	-561.247
-0.0178	-514.285
-0.0176	-467.323
-0.0174	-420.361
-0.0172	-373.522
-0.017	-326.796
-0.0168	-280.172
-0.0166	-233.578
-0.0164	-186.993
-0.0162	-140.587
-0.016	-94.3056
-0.0158	-48.1501
-0.0156	-2.23366
-0.0154	43.501
-0.0152	89.0247
-0.015	133.826
-0.0148	177.888
-0.0146	220.75
-0.0144	262.209
-0.0142	300.539
-0.014	332.68
-0.0138	350.296
-0.0136	363.593
-0.0134	375.543
-0.0132	386.562
-0.013	397.01
-0.0128	407.042
-0.0126	416.586
-0.0124	425.759
-0.0122	434.517
-0.012	442.998
-0.0118	451.327
-0.0116	459.455
-0.0114	467.334
-0.0112	474.979
-0.011	482.109
-0.0108	488.038
-0.0106	493.763
-0.0104	499.445
-0.0102	505.056
-0.01	510.604
-0.0098	516.057
-0.0096	521.44
-0.0094	526.782
-0.0092	532.08
-0.009	537.339
-0.0088	542.563
-0.0086	547.748
-0.0084	552.89
-0.0082	557.997
-0.008	563.065
-0.0078	568.096
-0.0076	573.083
-0.0074	578.035
-0.0072	582.955
-0.007	587.842
-0.0068	592.698
-0.0066	597.522
-0.0064	602.314
-0.0062	607.075
-0.006	611.805
-0.0058	616.503
-0.0056	621.169
-0.0054	625.801
-0.0052	630.404
-0.005	634.977
-0.0048	639.521
-0.0046	644.036
-0.0044	648.522
-0.0042	652.979
-0.004	657.408
-0.0038	661.805
-0.0036	666.172
-0.0034	670.512
-0.0032	674.823
-0.003	679.108
-0.0028	683.365
-0.0026	687.595
-0.0024	691.799
-0.0022	695.976
-0.002	700.126
-0.0018	704.25
-0.0016	708.348
-0.0014	712.421
-0.0012	716.467
-0.001	720.488
-0.0008	724.484
-0.0006	728.455
-0.0004	732.4
-0.0002	736.321
-5.93301E-015	740.217
0.0002	744.089
0.0004	747.937
0.0006	751.759
0.0008	755.558
0.001	759.332
0.0012	763.082
0.0014	766.809
0.0016	770.513
0.0018	774.193
0.002	777.85
0.0022	781.484
0.0024	785.096
0.0026	788.685
0.0028	792.252
0.003	795.796
0.0032	799.319
0.0034	802.82
0.0036	806.299
0.0038	809.757
0.004	813.193
0.0042	816.608
0.0044	820.002
0.0046	823.375
0.0048	826.727
0.005	830.059
0.0052	833.369
0.0054	836.658
0.0056	839.928
0.0058	843.177
0.006	846.407
0.0062	849.617
0.0064	852.807
0.0066	855.978
0.0068	859.13
0.007	862.26
0.0072	865.372
0.0074	868.465
0.0076	871.54
0.0078	874.595
0.008	877.632
0.0082	880.651
0.0084	883.652
0.0086	886.634
0.0088	889.599
0.009	892.546
0.0092	895.475
0.0094	898.386
0.0096	901.281
0.0098	904.158
0.01	907.017
0.0102	909.86
0.0104	912.686
0.0106	915.495
0.0108	918.288
0.011	921.064
0.0112	923.824
0.0114	926.567
0.0116	929.294
0.0118	932.005
0.012	934.701
0.0122	937.38
0.0124	940.044
0.0126	942.693
0.0128	945.326
0.013	947.943
0.0132	950.546
0.0134	953.133
0.0136	955.706
0.0138	958.264
0.014	960.807
0.0142	963.335
0.0144	965.849
0.0146	968.348
0.0148	970.834
0.015	973.305
0.0152	975.762
0.0154	978.205
0.0156	980.634
0.0158	983.05
0.016	985.452
0.0162	987.84
0.0164	990.216
0.0166	992.577
0.0168	994.926
0.017	997.262
0.0172	999.584
0.0174	1001.89
0.0176	1004.19
0.0178	1006.47
0.018	1008.75
0.0182	1011.01
0.0184	1013.25
0.0186	1015.49
0.0188	1017.71
0.019	1019.92
0.0192	1022.12
0.0194	1024.3
0.0196	1026.48
0.0198	1028.64
0.02	1030.79
0.0198	983.83
0.0196	936.868
0.0194	889.906
0.0192	842.943
0.019	795.981
0.0188	749.019
0.0186	702.057
0.0184	655.095
0.0182	608.133
0.018	561.17
0.0178	514.208
0.0176	467.246
0.0174	420.284
0.0172	373.445
0.017	326.719
0.0168	280.094
0.0166	233.501
0.0164	186.916
0.0162	140.51
0.016	94.2285
0.0158	48.0729
0.0156	2.15647
0.0154	-43.5782
0.0152	-89.1019
0.015	-133.903
0.0148	-177.965
0.0146	-220.828
0.0144	-262.286
0.0142	-300.617
0.014	-332.759
0.0138	-350.375
0.0136	-363.672
0.0134	-375.623
0.0132	-386.643
0.013	-397.092
0.0128	-407.124
0.0126	-416.669
0.0124	-425.842
0.0122	-434.6
0.012	-443.082
0.0118	-451.412
0.0116	-459.539
0.0114	-467.418
0.0112	-475.063
0.011	-482.19
0.0108	-488.118
0.0106	-493.843
0.0104	-499.525
0.0102	-505.134
0.01	-510.682
0.0098	-516.135
0.0096	-521.517
0.0094	-526.859
0.0092	-532.157
0.009	-537.415
0.0088	-542.638
0.0086	-547.823
0.0084	-552.965
0.0082	-558.072
0.008	-563.139
0.0078	-568.169
0.0076	-573.157
0.0074	-578.108
0.0072	-583.027
0.007	-587.914
0.0068	-592.77
0.0066	-597.594
0.0064	-602.386
0.0062	-607.146
0.006	-611.876
0.0058	-616.573
0.0056	-621.239
0.0054	-625.871
0.0052	-630.473
0.005	-635.046
0.0048	-639.59
0.0046	-644.104
0.0044	-648.59
0.0042	-653.047
0.004	-657.476
0.0038	-661.873
0.0036	-666.24
0.0034	-670.579
0.0032	-674.89
0.003	-679.174
0.0028	-683.431
0.0026	-687.661
0.0024	-691.864
0.0022	-696.041
0.002	-700.191
0.0018	-704.315
0.0016	-708.413
0.0014	-712.485
0.0012	-716.531
0.001	-720.552
0.0008	-724.548
0.0006	-728.518
0.0004	-732.464
0.0002	-736.384
-2.84234E-016	-740.28
-0.0002	-744.152
-0.0004	-747.999
-0.0006	-751.822
-0.0008	-755.62
-0.001	-759.394
-0.0012	-763.144
-0.0014	-766.871
-0.0016	-770.575
-0.0018	-774.255
-0.002	-777.911
-0.0022	-781.545
-0.0024	-785.157
-0.0026	-788.745
-0.0028	-792.312
-0.003	-795.857
-0.0032	-799.379
-0.0034	-802.88
-0.0036	-806.359
-0.0038	-809.816
-0.004	-813.252
-0.0042	-816.667
-0.0044	-820.061
-0.0046	-823.434
-0.0048	-826.786
-0.005	-830.117
-0.0052	-833.427
-0.0054	-836.717
-0.0056	-839.986
-0.0058	-843.236
-0.006	-846.465
-0.0062	-849.675
-0.0064	-852.865
-0.0066	-856.036
-0.0068	-859.187
-0.007	-862.318
-0.0072	-865.43
-0.0074	-868.522
-0.0076	-871.596
-0.0078	-874.652
-0.008	-877.689
-0.0082	-880.708
-0.0084	-883.708
-0.0086	-886.691
-0.0088	-889.655
-0.009	-892.602
-0.0092	-895.531
-0.0094	-898.442
-0.0096	-901.336
-0.0098	-904.213
-0.01	-907.073
-0.0102	-909.916
-0.0104	-912.742
-0.0106	-915.551
-0.0108	-918.343
-0.011	-921.119
-0.0112	-923.879
-0.0114	-926.622
-0.0116	-929.349
-0.0118	-932.06
-0.012	-934.755
-0.0122	-937.435
-0.0124	-940.099
-0.0126	-942.747
-0.0128	-945.38
-0.013	-947.997
-0.0132	-950.6
-0.0134	-953.187
-0.0136	-955.76
-0.0138	-958.317
-0.014	-960.86
-0.0142	-963.389
-0.0144	-965.902
-0.0146	-968.402
-0.0148	-970.887
-0.015	-973.358
-0.0152	-975.815
-0.0154	-978.258
-0.0156	-980.687
-0.0158	-983.103
-0.016	-985.505
-0.0162	-987.893
-0.0164	-990.268
-0.0166	-992.63
-0.0168	-994.978
-0.017	-997.314
-0.0172	-999.636
-0.0174	-1001.95
-0.0176	-1004.24
-0.0178	-1006.53
-0.018	-1008.8
-0.0182	-1011.06
-0.0184	-1013.3
-0.0186	-1015.54
-0.0188	-1017.76
-0.019	-1019.97
-0.0192	-1022.17
-0.0194	-1024.35
-0.0196	-1026.53
-0.0198	-1028.69
-0.02	-1030.84
-0.0198	-983.881
-0.0196	-936.919
-0.0194	-889.957
-0.0192	-842.994
-0.019	-796.032
-0.0188	-749.07
-0.0186	-702.108
-0.0184	-655.146
-0.0182	-608.183
-0.018	-561.221
-0.0178	-514.259
-0.0176	-467.297
-0.0174	-420.335
-0.0172	-373.496
-0.017	-326.77
-0.0168	-280.145
-0.0166	-233.552
-0.0164	-186.967
-0.0162	-140.561
-0.016	-94.2794
-0.0158	-48.1239
-0.0156	-2.20742
-0.0154	43.5273
-0.0152	89.0509
-0.015	133.853
-0.0148	177.914
-0.0146	220.777
-0.0144	262.235
-0.0142	300.566
-0.014	332.707
-0.0138	350.323
-0.0136	363.619
-0.0134	375.57
-0.0132	386.589
-0.013	397.038
-0.0128	407.069
-0.0126	416.614
-0.0124	425.787
-0.0122	434.544
-0.012	443.026
-0.0118	451.355
-0.0116	459.482
-0.0114	467.362
-0.0112	475.007
-0.011	482.136
-0.0108	488.065
-0.0106	493.79
-0.0104	499.472
-0.0102	505.082
-0.01	510.63
-0.0098	516.083
-0.0096	521.466
-0.0094	526.807
-0.0092	532.106
-0.009	537.365
-0.0088	542.588
-0.0086	547.773
-0.0084	552.915
-0.0082	558.022
-0.008	563.089
-0.0078	568.12
-0.0076	573.108
-0.0074	578.06
-0.0072	582.979
-0.007	587.866
-0.0068	592.722
-0.0066	597.546
-0.0064	602.338
-0.0062	607.099
-0.006	611.829
-0.0058	616.527
-0.0056	621.192
-0.0054	625.825
-0.0052	630.427
-0.005	635
-0.0048	639.544
-0.0046	644.059
-0.0044	648.545
-0.0042	653.002
-0.004	657.431
-0.0038	661.828
-0.0036	666.195
-0.0034	670.534
-0.0032	674.846
-0.003	679.13
-0.0028	683.387
-0.0026	687.617
-0.0024	691.821
-0.0022	695.997
-0.002	700.148
-0.0018	704.272
-0.0016	708.37
-0.0014	712.442
-0.0012	716.489
-0.001	720.51
-0.0008	724.505
-0.0006	728.476
-0.0004	732.421
-0.0002	736.342
0	740.238
